time,x,y,z,phi,theta,psi,x_velocity,y_velocity,z_velocity,phi_velocity,theta_velocity,psi_velocity,rotor_speed1,rotor_speed2,rotor_speed3,rotor_speed4
0.06,-8.876791006438045e-09,9.352625193894745e-07,10.004331900043594,0.0006619034903661003,1.0710501983091092e-05,0.0,-8.799626417053805e-07,7.37158439977313e-05,0.14438859492167147,0.027014073049672307,0.0005331885389137868,0.0,450.42141930583784,450.4645255392241,449.9929292624595,452.1739545013634
0.12000000000000001,-6.344427404503925e-07,2.8512046717750264e-05,10.019222004767817,0.0024435012596448757,0.00020312083268869685,0.0,-3.376290010717051e-05,0.001046668219852235,0.3519064242891516,0.034574558022376106,0.008079881445868898,0.0,469.76247536707365,470.34714484852896,469.28734418835137,469.87395091471535
0.18,-8.493036368750979e-06,0.000147150691681397,10.042431504659847,0.004494886359835526,0.0007470007307155413,0.0,-0.00027841892434345324,0.0031091132410303473,0.4217192245453363,0.033408984966906606,0.01096488915151234,0.0,427.7591183307882,428.00456985279806,426.8866178988008,426.787698607482
0.23999999999999996,-4.639925894033236e-05,0.00045526265385809446,10.074601317436258,0.007686693181971016,0.0012192563706747706,0.0,-0.0010544906492248078,0.00749450674095729,0.6505035405751362,0.07695827279413327,0.0008261946508968322,0.0,477.16450310299746,476.3898974205219,474.0221781395493,477.35789034294766
0.3,-0.00012695513146033054,0.0010242702649711484,10.109950264317352,0.012156723763835586,0.0014469870417705977,0.0,-0.001640759847245365,0.011787034845385918,0.5278581294356228,0.0690694320608704,0.00915617292309226,0.0,359.00553369840213,359.84957225287945,360.644209905533,359.85237568875897
0.36000000000000004,-0.00026416438277049884,0.0020560768721381395,10.149063366230845,0.016459826297674063,0.0017716363279198788,0.0,-0.0029884543681492066,0.023128667327415853,0.7757693103837736,0.07654755119307455,-0.0033925916069452583,0.0,481.99791506110165,481.04867744607566,481.98849804619465,482.5567523062325
0.4200000000000001,-0.000482340247040751,0.0038296013275802305,10.20024308502281,0.020817804293274733,0.001766226008418137,0.0,-0.004273152812499076,0.036480919787248496,0.9300990262351314,0.0633591902490721,0.0058095037077225825,0.0,454.51558421768755,455.2523877166759,454.6048801676079,453.5509476861225
0.48000000000000015,-0.000773815517941862,0.006430017020824213,10.257509754735075,0.02467589424276362,0.00220816202620977,0.0,-0.005480095206388054,0.05056024271577995,0.9787408971667351,0.06612163251894776,0.010309141999174397,0.0,421.4242188192282,421.8128212485617,420.7295304543316,420.9718868025386
0.5400000000000001,-0.001153996864845898,0.01002701443578467,10.32072621244159,0.028106673190571918,0.002552902445788874,0.0,-0.00724724826205537,0.06975543835203818,1.128326782846098,0.02566905665745161,-0.005451846663724242,0.0,454.22477705058196,452.9591372398825,454.8585751588054,451.6096459356626
0.6000000000000002,-0.0016432986037102114,0.01481735118419084,10.392074372362899,0.02927534229603257,0.0031213618877359295,0.0,-0.009085757216181288,0.09006569849017457,1.2498150038598415,0.0026998455883283125,0.02927668411147763,0.0,443.2277818415652,446.0724809593215,446.36873521067747,444.49052350477774
0.6600000000000003,-0.0022829095768905987,0.021021892116225405,10.476725275021147,0.029212989524613597,0.005082942962833847,0.0,-0.012484990651660473,0.1167490635048264,1.5714943976570688,-0.009825337890079685,0.03877299709100772,0.0,503.42531262844665,504.11216831476173,504.6267047398148,503.72188075260317
0.7200000000000003,-0.0031557735594352435,0.028677134282601612,10.575695859455516,0.028804344490295897,0.007837930820454808,0.0,-0.016892626211090153,0.13836419850401838,1.7273015440641506,-0.001376283903450115,0.05732993772373759,0.0,455.6480339855984,457.1301689887119,456.8043208346843,457.4776232283211
0.7800000000000004,-0.004374402067141207,0.037675635779586665,10.68587533392852,0.028836861963092986,0.010999122120872507,0.0,-0.024122212098963446,0.16157245903003112,1.944998321893614,0.004126434346875069,0.04124851664285445,0.0,475.53088602478834,474.2990855145157,476.3000182405479,476.72063062685544
0.8400000000000004,-0.006047151970839215,0.04793783410714625,10.804576164521057,0.029431249688877337,0.013564400026696788,0.0,-0.03187960861205326,0.1805394234451629,2.0115756675565293,0.019497647788678657,0.04560766667578538,0.0,429.6805438772139,430.0509877886664,429.51152634740305,430.8130128124647
0.9000000000000005,-0.008261116663619963,0.059404522665044264,10.929012925192291,0.030870617928328237,0.01602290316434729,0.0,-0.04219275012815832,0.20181504894632882,2.136081899497302,0.0317260473942578,0.029569010252272432,0.0,449.75037524628505,448.4503803351446,447.68416229757776,448.6780600079162
0.9600000000000005,-0.011237112112907552,0.07235996054648913,11.066631749151384,0.03313398763273767,0.01832642040656829,0.0,-0.05727517576539924,0.23029388144337815,2.4505762719378925,0.04761116713007666,0.0518845738043197,0.0,502.75597891316187,504.3706447385304,505.16460131448923,506.3091668644013
1.0200000000000005,-0.015136091257001836,0.08700057233447221,11.220450968215852,0.03652968002365142,0.02155615747812689,0.0,-0.07306411588138459,0.2580905631407099,2.6762061186300254,0.070275670623525,0.05745748039470627,0.0,480.9711684175983,481.39470735926943,479.5568520459295,481.27712435163244
1.0800000000000005,-0.020004930993544223,0.103299362453992,11.385182133933403,0.040816224707758586,0.02532039795279939,0.0,-0.08961329040040163,0.2856466240607557,2.814470956075881,0.07367818745887189,0.07162100603700614,0.0,454.56754994267567,455.7038131534642,456.4768572032546,456.7520640132311
1.1400000000000006,-0.025878303593043477,0.12122815781566673,11.555384208793873,0.044826441230354064,0.029658271415848425,0.0,-0.10656794313245564,0.31237432588355507,2.858787838858099,0.04741508679903835,0.07361770007755875,0.0,427.1142085700461,427.28873342706095,427.8336826108655,425.5950534597095
1.2000000000000006,-0.03295978709143685,0.14099165229167293,11.73178178515505,0.047714545939304465,0.03392402936014083,0.0,-0.12995223268533956,0.346706196664298,3.0206803333204895,0.04953706729958294,0.0655072347566594,0.0,464.47108821532674,463.83820831550383,463.98211146908767,464.14998151850347
1.2600000000000007,-0.0416354376834231,0.16301346852985676,11.920644256609874,0.05079270715089024,0.03855396506493136,0.0,-0.15975419298862642,0.38769525457681775,3.273996808101716,0.05461761783684285,0.09380063063598335,0.0,491.2677382346438,493.36504017090795,490.99436717047274,491.3725532846342
1.3200000000000007,-0.051995553831600747,0.1872779249322799,12.11895897037442,0.05378026435880301,0.04414937538568431,0.0,-0.1861172047876049,0.42141144322218926,3.33626530611393,0.03778549466887532,0.09214729110755698,0.0,435.45033907720557,435.3195558136493,436.7018334928761,435.2970610544415
1.3800000000000008,-0.06412033454965381,0.21370766877840364,12.322629179249152,0.055959657818060116,0.04982349770450156,0.0,-0.2186118712049009,0.45978894286825767,3.4523453610879056,0.03322614977224768,0.09901505809336765,0.0,453.1433604084164,453.70249258558783,452.9971725631535,452.6309518051764
1.4400000000000008,-0.07813439218747462,0.24228252147767304,12.529678234312048,0.05762007267695246,0.05626656496052718,0.0,-0.24906461106150665,0.49286279894965634,3.4492492220634063,0.013242543355559907,0.12032631374204146,0.0,414.76159479298025,416.6399047274838,416.3289779151933,414.5769647393663
1.5000000000000009,-0.09434180429972712,0.27311626572131253,12.740848482639382,0.05785137095167059,0.06312223766267788,0.0,-0.29192180221992814,0.5349700772866736,3.58926319262077,-0.031912422353861054,0.09798519206285157,0.0,463.1908122426679,461.44127662935665,462.2339187305058,458.66151205589273
1.560000000000001,-0.11306426434391714,0.3062875292287204,12.957266745816298,0.05552523430847067,0.06995820010435239,0.0,-0.3327512862430549,0.5705330483086358,3.62452540556163,-0.05826386248404221,0.13462106080426364,0.0,428.6189207639649,431.7326731277412,429.86201344893385,427.6220215559057
1.620000000000001,-0.13442801092519865,0.34158539078186445,13.176587063831567,0.05211636010355569,0.07818797442120484,0.0,-0.3801452445564371,0.6057085380315813,3.685901385734646,-0.054064128176216246,0.14181045085986738,0.0,438.2406903957202,438.8555466513186,437.7672323595018,438.1143070840343
1.680000000000001,-0.15884420463216306,0.3789566479213882,13.400159566480758,0.04947097319027449,0.08618864387861791,0.0,-0.4345356831574708,0.6396885266347865,3.766182429715483,-0.029269436902498246,0.1053763688868345,0.0,446.36741750806027,443.39952887883504,443.7048255123182,445.7345887732565
1.740000000000001,-0.18658556650845723,0.41826542195067573,13.627504107066354,0.04739513977418408,0.09231339168302188,0.0,-0.49074869242985714,0.6704091205128759,3.8117534085078595,-0.04825310515607722,0.094505823127284,0.0,435.2912739090967,434.38981000053684,434.81841514014474,433.2244139054243
1.8000000000000012,-0.21784034095329105,0.4593849375878259,13.857851327492554,0.04429134444885818,0.09789009420592354,0.0,-0.5515961536881004,0.6999370023645007,3.8662446495749117,-0.05978982698568454,0.08962756190951904,0.0,437.5786242555287,437.1797512529547,438.62792354048713,437.66690370361283
1.8600000000000012,-0.25334029935567287,0.5024259752993961,14.096365945325612,0.040770830282496284,0.10334484578125736,0.0,-0.6323073173417293,0.7342949927585539,4.08341339709417,-0.056535243522871585,0.09336432410753276,0.0,488.2269017639378,488.51174906137993,486.85698722795047,487.0983730211588
1.9200000000000013,-0.2932773919472364,0.547235267175909,14.34275721333964,0.037446941136541234,0.10908947156227722,0.0,-0.699446147211601,0.7590139804384126,4.12939231966149,-0.05321663564358552,0.10011900287166761,0.0,437.0344713156655,437.60510800865615,437.22428649455634,437.4985839232824
1.9800000000000013,-0.33733932844836684,0.5934576886689873,14.591758999013578,0.033947253960953994,0.11547010712317274,0.0,-0.7698491633549167,0.7814062385399079,4.170433547141552,-0.07125838315999963,0.11653795652748927,0.0,435.942469611194,437.3223691851604,436.6697567428059,435.15941165255805
2.0400000000000014,-0.3856202948228323,0.6409151375074631,14.84210732639205,0.029971756066352384,0.12231263689212835,0.0,-0.8401236954843934,0.8001346017777583,4.174404732613297,-0.057777186900762695,0.10851975673713647,0.0,425.0047417433274,424.3291055397276,424.09708420887006,425.2500006200829
2.1000000000000014,-0.43798044833137234,0.6893643970706386,15.09059345248665,0.026400200068389168,0.12960309483571208,0.0,-0.9057876618512635,0.8145638139130957,4.108614509054734,-0.06327354751528154,0.1394770307356481,0.0,400.2132366442498,403.0357939561838,400.83971616319434,400.33692498940275
2.1600000000000015,-0.4949668119439295,0.7387305479198847,15.33940092636322,0.02271348908708859,0.1388523907883501,0.0,-0.9945976004722397,0.8305866952603828,4.184534928913409,-0.058020040994093094,0.17371403929732776,0.0,446.5510656681876,449.3567290068892,447.6526669983344,448.0773148040783
2.2200000000000015,-0.5571424967088712,0.7889319681714637,15.590396234190411,0.019615199363516744,0.14995714966449292,0.0,-1.0788650191918807,0.8424988670288808,4.181801938134665,-0.04122830791017862,0.20139575101600676,0.0,420.85289415326196,423.27667730746623,424.005635162209,425.4439932844299
2.2800000000000016,-0.6252798265736129,0.8398826047554449,15.845791498527687,0.017220308378627536,0.16218053429755663,0.0,-1.1936151127901997,0.8555676110123872,4.330533982875308,-0.037410082644397595,0.20800602185817957,0.0,471.31526321588694,471.8639645204108,471.68501158860687,471.9790989544442
2.3400000000000016,-0.700030219618358,0.8915079317865657,16.106782987933553,0.014899430937711067,0.1746424316567623,0.0,-1.2991918204425044,0.8650517135103648,4.368757405790539,-0.04135256936056064,0.20707671827279217,0.0,439.64856079712126,439.61449812325804,438.7124353490831,438.3841666581233
2.4000000000000017,-0.7813701737396525,0.9436579178474479,16.370131441970692,0.012776823959056216,0.18757526811518588,0.0,-1.413288409531682,0.8730562521264521,4.409054773408719,-0.025517265476362697,0.22860135809311355,0.0,439.93394012755857,441.7584655766281,439.91549059701714,441.2243036596978
2.4600000000000017,-0.870119593480562,0.9962697439595313,16.637477201841136,0.011253659342421507,0.20200715988313345,0.0,-1.5463675247041302,0.8805033035464606,4.501698305436484,-0.025125016396827102,0.25742802656720504,0.0,457.6001311588691,459.94398992673075,457.94611918177003,457.97723104605393
2.520000000000002,-0.9666101851810756,1.0492669016602265,16.90769113812884,0.009737209734264951,0.21773961997675872,0.0,-1.6713330758238112,0.8859271434744883,4.50499045520188,-0.02557408813208655,0.2703550390471383,0.0,430.9739025451465,432.13642634808787,431.24202034978305,431.20395079110097
2.580000000000002,-1.071026437184146,1.1025670413069673,17.178682837608484,0.007977040834746596,0.23384413850177221,0.0,-1.810628073008565,0.8905867370553772,4.5274756720483404,-0.038183870583744416,0.2642106665835427,0.0,438.8506847124772,438.4140354302463,439.4011512800056,438.35410495442983
2.640000000000002,-1.1843994806652898,1.1561212015367732,17.45220720775031,0.006541072423402738,0.24966971601038068,0.0,-1.969908051184727,0.8943713173512396,4.5891798585736625,-0.004749449010926521,0.26284403664113426,0.0,452.97827039274694,452.93700767977566,451.1820431931124,453.8734820543767
2.700000000000002,-1.3069637244825985,1.209862277137082,17.726730209500893,0.00609760410218918,0.26523831573100587,0.0,-2.1168664303448725,0.896963758215177,4.561147178559004,-0.013281244901017267,0.2517288089393803,0.0,424.9383230914277,424.05538023239933,425.9349383582332,425.204652251336
2.760000000000002,-1.439157651608133,1.2637614036706366,18.00149355836112,0.00569371213272607,0.2808148471173517,0.0,-2.290937024526248,0.899614032809476,4.596831940711146,0.003906401900809013,0.2719362757794293,0.0,446.0014312184533,447.7157459552112,446.98062884459176,448.37943383734137
2.820000000000002,-1.5823899107112531,1.3178209832539236,18.279314413078726,0.006582719324135233,0.2978720389876557,0.0,-2.484956209839305,0.9024260951381202,4.662795539520235,0.03066871124068142,0.3016042381124999,0.0,456.80890325248583,459.2466776189682,458.6058218938926,460.7268487046665
2.880000000000002,-1.7376693036386754,1.372072811635624,18.56118036609499,0.00865596180469197,0.3155285678148294,0.0,-2.6925999142794272,0.906153067182,4.731525064287316,0.04136906247742109,0.27270804758487216,0.0,462.98194735394713,460.78585138019145,461.96057604688855,462.80411891417106
2.940000000000002,-1.9052730477923059,1.4265779984102533,18.845593211143388,0.011640189174514148,0.33188075044589205,0.0,-2.8955501051047436,0.9109287817187969,4.747947612628977,0.06268280617698686,0.2721916189818112,0.0,446.80747346771017,446.8399777091726,447.8967318002355,449.62853339397014
3.000000000000002,-2.0850536714159333,1.4814163421997915,19.130009097022615,0.015414698214110345,0.34826503915946727,0.0,-3.098454060388211,0.9173285561000785,4.731730910537659,0.06335585462652076,0.27477169084274194,0.0,438.5155639396701,438.8062744807751,439.45081229484396,439.50952231902494
3.0600000000000023,-2.276675901660544,1.536675425604242,19.411642752281622,0.0193772444359519,0.36456591061731825,0.0,-3.290221768309168,0.9249295626844026,4.6554759764010525,0.07093445902250299,0.2646646355397429,0.0,420.71249667188357,419.91543052030556,419.8334321770826,420.4940948567175
3.1200000000000023,-2.480912545150139,1.5924961531885704,19.690802497962846,0.023090647456011304,0.3804729424609068,0.0,-3.5189222597876784,0.9360985632231753,4.648809176529013,0.029519162643737024,0.2660053107945599,0.0,445.38976355857795,445.57007494911176,447.8115402585843,444.4316627593754
3.1800000000000024,-2.6988080859307217,1.6490204885270972,19.968563619373988,0.02495843015800059,0.3968501810605911,0.0,-3.745514658867362,0.9481706999075519,4.608969341355902,0.03416998435599793,0.2840958833838635,0.0,436.8238343845458,438.4060249915135,435.93438114210426,436.32325806602904
3.2400000000000024,-2.9316108543428925,1.7063588506588663,20.246233520721812,0.027163276687185878,0.4136925540151948,0.0,-4.0158942298113285,0.9632653390235808,4.645182173386805,0.04145854633847118,0.2729003362669734,0.0,464.93986619405644,464.13770169532523,464.77744838395313,465.34898554308774
3.3000000000000025,-3.1790410093221237,1.7645212570044662,20.521578884358597,0.029695094029566604,0.42996566324380225,0.0,-4.232989660932444,0.9756389414584262,4.532339700138739,0.04363392206406464,0.2676316506278958,0.0,417.4922633575284,417.1117440418776,415.4166472962576,415.60849771970527
3.3600000000000025,-3.4421076831430484,1.8236140640056269,20.795137158317484,0.03325772312949482,0.44640754240138936,0.0,-4.5370894285544425,0.9943693556617841,4.584473923541403,0.07989608383476032,0.28444785840428827,0.0,474.8369649504936,476.1955225393533,473.6582284992067,476.4412849620605
3.4200000000000026,-3.7246899355589935,1.883966642501213,21.07357842036379,0.03866458861278588,0.4634585917299807,0.0,-4.883509466755112,1.0178357299201233,4.694521691915126,0.10520266185878151,0.283652772325922,0.0,497.44778522877317,497.4620005858584,497.3763183405146,499.2321989516763
3.4800000000000026,-4.024277382119013,1.9455100200487405,21.35016991992448,0.04528320320497681,0.48049192525669593,0.0,-5.103945335436123,1.0339907660342593,4.524592457392321,0.11894375372016369,0.2843558652883902,0.0,405.8866101973732,406.03979807566685,405.30339152857886,406.5487298818677
3.5400000000000027,-4.34021851564679,2.0083580257839135,21.62192328622653,0.052329401945920395,0.49764527857872043,0.0,-5.428535406387206,1.0614786241548577,4.531888125493248,0.11424111885840482,0.2887851946917827,0.0,471.3591025568544,471.77904821537237,472.07335426396,471.72174777997117
3.6000000000000028,-4.674606353186529,2.072837360646263,21.89142870578833,0.058772021501217075,0.5154107833134871,0.0,-5.718865006026826,1.0882563144881328,4.450138757643014,0.0878670404695804,0.307693446693239,0.0,444.0892272614976,445.7262127280529,446.7057174664848,444.55906268249464
3.660000000000003,-5.025890524568475,2.138919949889065,22.154398428786948,0.0634948591107749,0.5338842186195487,0.0,-5.991795526936309,1.1147636648105193,4.3142682692420715,0.04538326136820954,0.30828095396363786,0.0,429.38806898988196,429.5382575890281,430.38524181211363,426.77800147251327
3.720000000000003,-5.395515757122539,2.2068197579253193,22.411851237682317,0.0672356489636794,0.5523000656772474,0.0,-6.330118087707259,1.1486930522481824,4.265449468416133,0.08389955034658073,0.3040915705072946,0.0,464.46288253380135,464.22579197071934,462.53689321645436,465.5633746189515
3.780000000000003,-5.78535334353914,2.2767594536627214,22.665477409307552,0.07193840862504075,0.5705775056616567,0.0,-6.665483174196002,1.182859620148025,4.186781135971126,0.06406997814793558,0.3056654606845891,0.0,458.73536287099523,458.95174748938445,458.9145991154358,457.34206657738383
3.840000000000003,-6.193935420403281,2.3486100985313487,22.911541773893283,0.07577011625845653,0.5896381922294545,0.0,-6.955019681581833,1.2122881233028595,4.013970131383115,0.06344234350966194,0.3346498982257166,0.0,426.9163922133377,429.4886622206894,427.6115398615648,427.5612043217351
3.900000000000003,-6.623171126634228,2.4225965170379213,23.15146225127633,0.07982392727397336,0.6102926112969804,0.0,-7.353750230202613,1.254021964808407,3.9805349340702363,0.07473869357474974,0.35859556513109675,0.0,483.0449047674256,484.95777291973775,483.1223376721901,483.976518606629
3.960000000000003,-7.075002067369474,2.498935196816145,23.38665281864532,0.08468107189317298,0.6318129871149543,0.0,-7.708259564355888,1.29072343643681,3.8567944498897915,0.09113321652917765,0.35882673465536874,0.0,458.34231814775114,458.48903598483327,456.561678481865,457.87322436166136
4.020000000000002,-7.5433306372180775,2.576927449875097,23.607233206156945,0.08986478111275353,0.6532949626806506,0.0,-7.9040033384620445,1.3091553690758821,3.4955035005060844,0.0746670870765682,0.3564013277435943,0.0,363.02759660671387,362.9477869200671,363.4727101173448,361.8259059977374
4.080000000000001,-8.026856693972297,2.6564240080051724,23.810166176801786,0.0939098441365891,0.6748689791319791,0.0,-8.21452338229796,1.3407847572179765,3.267145775510788,0.04615278751520717,0.36523021816920115,0.0,423.12081884992097,424.0205032869001,426.93097247443495,424.4936720508741
4.14,-8.529092949479928,2.7378070540207102,23.99888312261801,0.09641759727847976,0.696898482328165,0.0,-8.527637497189783,1.3719256032487501,3.0215785803307265,0.031228817313678697,0.3707491620422644,0.0,422.4211697572492,423.04362709764166,423.048641606224,421.7622075402725
4.199999999999998,-9.05625055283909,2.8217228829505028,24.179498154505538,0.09850035647983013,0.7196461273409174,0.0,-9.044545912224425,1.4249993170728437,2.9946648375267344,0.040899632098996934,0.3920547038912584,0.0,513.7959466575472,515.4308323003419,513.712957784106,514.39875327494
4.259999999999997,-9.614067840431284,2.90872474710018,24.35717632525645,0.100713167952164,0.7432315252265251,0.0,-9.549507175220606,1.4747975941600868,2.9236789614892507,0.027302690922215208,0.3950774704574243,0.0,509.2439581445232,509.59874448937916,508.8038813493673,507.82964256492755
4.319999999999996,-10.199398493587687,2.9983500716732427,24.526723883921512,0.10241136655107042,0.7668773520791188,0.0,-9.961841032791279,1.512458983748783,2.7246947151904592,0.03023270062426366,0.3920677829296021,0.0,470.17066958909305,470.0891187280066,468.92788544994994,469.1556857481884
4.379999999999995,-10.809012642506483,3.0901294613034795,24.683154314860378,0.10491699351361916,0.7908421369952547,0.0,-10.358887071178753,1.5466258317360686,2.4865737945901607,0.058263431871944375,0.41105539240992534,0.0,460.9652877474154,462.6218189945782,461.5428407499435,463.75148261900034
4.439999999999993,-11.44058344790502,3.1837190643683457,24.822803433113645,0.10859739750602149,0.8156314853035482,0.0,-10.69387775296947,1.5728810323855622,2.165916121320518,0.06687301530381595,0.4170434486980991,0.0,433.31009981360796,433.99536941581346,434.76780815631435,435.49162592529046
4.499999999999992,-12.095100114181593,3.2791356446537168,24.945275362520462,0.11243287475355412,0.8404829097629705,0.0,-11.123158095269702,1.6074403904508956,1.9128557326925586,0.05726092165399008,0.40779351513461604,0.0,473.6283956657998,473.0830054184037,473.8674761278264,473.13039931206856
4.559999999999991,-12.771621227100892,3.376204163067291,25.048565320927676,0.1158329689774904,0.8646501040554826,0.0,-11.427864201793742,1.6279937043614094,1.5279059983290417,0.05545622963959201,0.39024834834791516,0.0,422.89075547536345,421.5534017418123,421.3478709250998,421.19412868345694
4.6199999999999894,-13.467593733909494,3.474576155244216,25.12923657656387,0.11880858068484468,0.8880273431824888,0.0,-11.771227428956122,1.6508287125636318,1.1584694782843654,0.03405689298407121,0.3883391971481616,0.0,438.02025501690633,438.0211643292471,438.0215521742467,436.23897836554437
4.679999999999988,-14.184750067279815,3.5743205008600114,25.187669126610096,0.12070380319286755,0.9110272377970388,0.0,-12.133756212841718,1.6736568020751772,0.7863624809254398,0.026123902682763295,0.37078824699481694,0.0,446.4952397284837,445.21158837137966,445.6338168732736,444.9849316469527
4.739999999999987,-14.925340834409822,3.675527796469942,25.224510631519536,0.12233137666804517,0.9329472151163589,0.0,-12.551898201397028,1.6995097103320878,0.4381980272961632,0.029058801313669377,0.35129771012279226,0.0,468.1621129217592,466.7724741433863,468.41137692120896,468.639789636191
4.799999999999986,-15.6895658561079,3.778086140482631,25.238807815527835,0.12491249617850464,0.9539837218978047,0.0,-12.921759506945875,1.7187458314979538,0.035353913107433244,0.06192888990930143,0.34919741045370895,0.0,451.2753641344542,451.23026282506913,450.4870891979231,453.13936973441383
4.859999999999984,-16.4747741928466,3.8816316501701387,25.227554224825017,0.12889948853632482,0.9749908549516997,0.0,-13.25147105343835,1.7324580619464216,-0.41319924272880004,0.07422732019700654,0.35189569603346066,0.0,437.7785260413672,438.13125665390146,436.4098795289738,437.439076817937
4.919999999999983,-17.283333208067855,3.9862527677187765,25.191266745742837,0.13283450888364,0.9959063254712959,0.0,-13.699058594749285,1.7544714367912169,-0.800338747022252,0.03635552397294806,0.3410179229249375,0.0,482.9560101246595,482.24888422642005,483.33829344705526,480.4767471573964
4.979999999999982,-18.118986510095727,4.092144579475393,25.131295572654256,0.1346226336032217,1.0161701235117082,0.0,-14.154386018833076,1.7747096821574184,-1.2027672460451806,0.011584230867674366,0.3301998018803434,0.0,489.2348997067601,488.5340259331118,488.8491983059555,486.99912843739105
5.0399999999999805,-18.98124024176624,4.1991056813935055,25.046129833359448,0.1353826793565247,1.0356760152774678,0.0,-14.585771183618018,1.790089052475469,-1.6399897566658719,0.014750263492005129,0.31224071338007936,0.0,484.4384034431924,483.18383895325354,484.37441748942393,484.6124428514858
